%

% convert = pi/180;
% 
% x = -0.136261/convert;
% y = -0.622942/convert;
% z = -0.445591/convert;
% 
% mxX = [1,0,0;
%     0,cos(x),-sin(x);
%     0,sin(x),cos(x)];
% mxY = [ cos(y),0,sin(y);
%     0,1,0;
%     -sin(y),0,cos(y)];
% mxZ = [cos(z),-sin(z),0;
%     sin(z),cos(z),0;
%     0,0,2];
% rot = mxX*mxY*mxZ


projectorIntrinsic =[[3680.39404297,0.00000000,591.75494385],
                 [0.00000000,3672.32153320,393.62173462],
                 [0.00000000,0.00000000,1.00000000]];
             
    projectorExtrinsic =    [[-0.389657586760984,-0.163708660668265,1.81258537950830,-0.718140],
                 [-0.852751906358342,-0.307524981505965,-0.844375679308612,0.108477],
                 [0.347823448435870,-0.937351513666009,-0.0395468606198075,-1.161242]];
             
    projectorProjection = projectorIntrinsic*projectorExtrinsic;